Tempo;U_t;V_t;A_t;
0.000;2.473E-2;0;0
0.033;2.474E-2;-2.153E-4;0
0.067;2.471E-2;-2.713E-4;4.587E-3
0.100;2.472E-2;2.344E-4;6.152E-3
0.133;2.473E-2;1.582E-4;-2.304E-3
0.167;2.473E-2;-8.752E-6;-4.955E-3
0.200;2.473E-2;-1.055E-4;4.835E-3
0.233;2.472E-2;1.996E-4;8.183E-2
0.267;2.474E-2;4.893E-3;0.468
0.300;2.505E-2;2.964E-2;0.967
0.333;2.672E-2;7.154E-2;1.121
0.367;2.981E-2;0.106;0.757
0.400;3.376E-2;0.122;0.201
0.433;3.795E-2;0.119;-0.381
0.467;4.171E-2;9.662E-2;-0.875
0.500;4.439E-2;6.009E-2;-1.167
0.533;4.572E-2;1.837E-2;-1.274
0.567;4.562E-2;-2.487E-2;-1.295
0.600;4.406E-2;-6.808E-2;-1.184
0.633;4.108E-2;-0.105;-0.814
0.666;3.709E-2;-0.123;-0.243
0.700;3.287E-2;-0.120;0.377
0.733;2.906E-2;-9.813E-2;0.900
0.766;2.633E-2;-5.984E-2;1.339
0.800;2.507E-2;-9.032E-3;1.560
0.833;2.573E-2;4.554E-2;1.448
0.866;2.811E-2;8.830E-2;1.029
0.900;3.162E-2;0.114;0.510
0.933;3.571E-2;0.122;-3.319E-2
0.966;3.978E-2;0.112;-0.623
1.000;4.317E-2;8.100E-2;-1.071
1.033;4.517E-2;3.905E-2;-1.266
1.066;4.577E-2;-3.401E-3;-1.302
1.100;4.495E-2;-4.752E-2;-1.252
1.133;4.260E-2;-8.782E-2;-1.002
1.166;3.910E-2;-0.115;-0.503
1.200;3.496E-2;-0.122;7.633E-2
1.233;3.097E-2;-0.109;0.609
1.266;2.768E-2;-8.107E-2;1.075
1.300;2.557E-2;-3.769E-2;1.472
1.333;2.517E-2;1.770E-2;1.573
1.366;2.675E-2;6.878E-2;1.285
1.400;2.976E-2;0.103;0.785
1.433;3.364E-2;0.121;0.235
1.466;3.783E-2;0.119;-0.345
1.500;4.160E-2;9.783E-2;-0.890
1.533;4.435E-2;5.986E-2;-1.194
1.566;4.559E-2;1.686E-2;-1.281
1.600;4.547E-2;-2.505E-2;-1.265
1.633;4.392E-2;-6.767E-2;-1.147
1.666;4.096E-2;-0.102;-0.777
1.700;3.709E-2;-0.120;-0.238
1.733;3.297E-2;-0.118;0.328
1.766;2.921E-2;-9.802E-2;0.846
1.799;2.644E-2;-6.139E-2;1.314
1.833;2.512E-2;-1.044E-2;1.571
1.866;2.574E-2;4.474E-2;1.463
1.899;2.810E-2;8.793E-2;1.033
1.933;3.160E-2;0.114;0.501
1.966;3.567E-2;0.121;-5.379E-2
1.999;3.970E-2;0.110;-0.618
2.033;4.301E-2;8.003E-2;-1.047
2.066;4.503E-2;3.932E-2;-1.238
2.099;4.563E-2;-2.820E-3;-1.280
2.133;4.484E-2;-4.570E-2;-1.226
2.166;4.259E-2;-8.534E-2;-1.002
2.199;3.916E-2;-0.113;-0.525
2.233;3.506E-2;-0.121;3.906E-2
2.266;3.109E-2;-0.110;0.596
2.299;2.775E-2;-8.147E-2;1.092
2.333;2.566E-2;-3.655E-2;1.478
2.366;2.531E-2;1.778E-2;1.531
2.399;2.684E-2;6.684E-2;1.259
2.433;2.977E-2;0.102;0.783
2.466;3.362E-2;0.119;0.238
2.499;3.773E-2;0.117;-0.341
2.533;4.145E-2;9.656E-2;-0.852
2.566;4.416E-2;6.028E-2;-1.155
2.599;4.546E-2;1.857E-2;-1.269
2.633;4.540E-2;-2.396E-2;-1.263
2.666;4.387E-2;-6.615E-2;-1.149
2.699;4.099E-2;-0.101;-0.774
2.733;3.713E-2;-0.119;-0.252
2.766;3.308E-2;-0.117;0.329
2.799;2.932E-2;-9.729E-2;0.852
2.833;2.660E-2;-5.970E-2;1.315
2.866;2.534E-2;-9.576E-3;1.530
2.899;2.596E-2;4.354E-2;1.423
2.932;2.825E-2;8.594E-2;1.030
2.966;3.169E-2;0.112;0.501
2.999;3.573E-2;0.120;-4.581E-2
3.032;3.966E-2;0.109;-0.597
3.066;4.298E-2;8.022E-2;-1.032
3.099;4.501E-2;3.892E-2;-1.234
3.132;4.557E-2;-2.724E-3;-1.259
3.166;4.483E-2;-4.433E-2;-1.219
3.199;4.262E-2;-8.478E-2;-1.001
3.232;3.918E-2;-0.112;-0.525
3.266;3.516E-2;-0.120;4.161E-2
3.299;3.120E-2;-0.109;0.586
3.332;2.788E-2;-8.067E-2;1.074
3.366;2.582E-2;-3.711E-2;1.459
3.399;2.541E-2;1.685E-2;1.524
3.432;2.694E-2;6.635E-2;1.254
3.466;2.983E-2;0.100;0.775
3.499;3.362E-2;0.118;0.243
3.532;3.772E-2;0.117;-0.322
3.566;4.140E-2;9.639E-2;-0.851
3.599;4.414E-2;6.005E-2;-1.147
3.632;4.540E-2;1.835E-2;-1.260
3.666;4.536E-2;-2.317E-2;-1.251
3.699;4.385E-2;-6.561E-2;-1.134
3.732;4.099E-2;-9.952E-2;-0.777
3.766;3.722E-2;-0.118;-0.253
3.799;3.314E-2;-0.117;0.325
3.832;2.945E-2;-9.585E-2;0.838
3.866;2.675E-2;-6.025E-2;1.282
3.899;2.543E-2;-1.077E-2;1.526
3.932;2.603E-2;4.316E-2;1.421
3.966;2.831E-2;8.464E-2;1.011
3.999;3.168E-2;0.110;0.505
4.032;3.566E-2;0.119;-3.454E-2
4.066;3.959E-2;0.108;-0.588
4.099;4.285E-2;7.940E-2;-1.022
4.132;4.488E-2;3.906E-2;-1.219
4.165;4.545E-2;-2.649E-3;-1.252
4.199;4.471E-2;-4.388E-2;-1.206
4.232;4.253E-2;-8.368E-2;-0.986
4.265;3.913E-2;-0.111;-0.528
4.299;3.516E-2;-0.119;4.701E-2
4.332;3.122E-2;-0.108;0.580
4.365;2.799E-2;-7.955E-2;1.065
4.399;2.591E-2;-3.680E-2;1.426
4.432;2.553E-2;1.630E-2;1.507
4.465;2.700E-2;6.495E-2;1.229
4.499;2.986E-2;9.842E-2;0.785
4.532;3.356E-2;0.117;0.253
4.565;3.766E-2;0.116;-0.314
4.599;4.130E-2;9.525E-2;-0.842
4.632;4.401E-2;6.003E-2;-1.127
4.665;4.531E-2;1.893E-2;-1.245
4.699;4.527E-2;-2.254E-2;-1.238
4.732;4.380E-2;-6.401E-2;-1.134
4.765;4.100E-2;-9.864E-2;-0.772
4.799;3.723E-2;-0.116;-0.250
4.832;3.325E-2;-0.115;0.315
4.865;2.958E-2;-9.567E-2;0.815
4.899;2.687E-2;-6.004E-2;1.270
4.932;2.558E-2;-1.100E-2;1.507
4.965;2.614E-2;4.180E-2;1.401
4.999;2.836E-2;8.320E-2;1.011
5.032;3.168E-2;0.109;0.516
5.065;3.563E-2;0.118;-1.903E-2
5.099;3.955E-2;0.108;-0.580
5.132;4.281E-2;7.919E-2;-1.023
5.165;4.483E-2;3.874E-2;-1.211
5.199;4.539E-2;-2.321E-3;-1.233
5.232;4.467E-2;-4.282E-2;-1.187
5.265;4.254E-2;-8.218E-2;-0.981
5.298;3.919E-2;-0.109;-0.520
5.332;3.526E-2;-0.117;2.569E-2
5.365;3.140E-2;-0.107;0.562
5.398;2.813E-2;-7.970E-2;1.051
5.432;2.609E-2;-3.647E-2;1.421
5.465;2.569E-2;1.551E-2;1.486
5.498;2.712E-2;6.393E-2;1.235
5.532;2.996E-2;9.808E-2;0.766
5.565;3.366E-2;0.115;0.247
5.598;3.763E-2;0.115;-0.339
5.632;4.129E-2;9.895E-2;-0.865
5.665;4.390E-2;6.176E-2;-1.152
5.698;4.520E-2;2.035E-2;-1.220
5.732;4.525E-2;-1.837E-2;-1.173
5.765;4.398E-2;-5.805E-2;-1.101
5.798;4.138E-2;-9.244E-2;-0.833
5.832;3.781E-2;-0.114;-0.328
5.865;3.379E-2;-0.115;0.227
5.898;3.015E-2;-9.785E-2;0.745
5.932;2.727E-2;-6.585E-2;1.232
5.965;2.576E-2;-1.570E-2;1.557
5.998;2.622E-2;3.976E-2;1.456
6.032;2.841E-2;8.220E-2;1.019
6.065;3.170E-2;0.107;0.506
6.098;3.557E-2;0.116;-9.720E-3
6.132;3.944E-2;0.107;-0.557
6.165;4.269E-2;7.903E-2;-1.002
6.198;4.471E-2;3.909E-2;-1.161
6.232;4.530E-2;6.859E-4;-1.164
6.265;4.475E-2;-3.735E-2;-1.155
6.298;4.281E-2;-7.712E-2;-1.011
6.332;3.961E-2;-0.106;-0.574
6.365;3.576E-2;-0.115;-3.415E-2
6.398;3.192E-2;-0.108;0.485
6.431;2.858E-2;-8.332E-2;0.980
6.465;2.636E-2;-4.223E-2;1.424
6.498;2.577E-2;1.192E-2;1.529
6.531;2.716E-2;6.184E-2;1.261
6.565;2.989E-2;9.556E-2;0.783
6.598;3.353E-2;0.114;0.267
6.631;3.751E-2;0.114;-0.295
6.665;4.111E-2;9.423E-2;-0.803
6.698;4.379E-2;6.003E-2;-1.095
6.731;4.511E-2;2.016E-2;-1.180
6.765;4.513E-2;-1.852E-2;-1.163
6.798;4.387E-2;-5.729E-2;-1.088
6.831;4.131E-2;-9.173E-2;-0.830
6.865;3.776E-2;-0.113;-0.332
6.898;3.377E-2;-0.114;0.239
6.931;3.014E-2;-9.653E-2;0.734
6.965;2.734E-2;-6.526E-2;1.206
6.998;2.579E-2;-1.682E-2;1.518
7.031;2.622E-2;3.811E-2;1.457
7.065;2.833E-2;8.077E-2;1.024
7.098;3.160E-2;0.107;0.526
7.131;3.543E-2;0.116;-9.089E-3
7.165;3.931E-2;0.106;-0.558
7.198;4.252E-2;7.807E-2;-0.978
7.231;4.451E-2;4.014E-2;-1.129
7.265;4.519E-2;2.431E-3;-1.161
7.298;4.467E-2;-3.662E-2;-1.161
7.331;4.275E-2;-7.575E-2;-1.013
7.365;3.962E-2;-0.105;-0.570
7.398;3.577E-2;-0.114;-4.455E-2
7.431;3.200E-2;-0.107;0.474
7.465;2.865E-2;-8.355E-2;0.959
7.498;2.643E-2;-4.244E-2;1.414
7.531;2.582E-2;1.109E-2;1.514
7.565;2.717E-2;6.047E-2;1.254
7.598;2.985E-2;9.432E-2;0.774
7.631;3.345E-2;0.112;0.271
7.664;3.735E-2;0.112;-0.273
7.698;4.094E-2;9.427E-2;-0.780
7.731;4.363E-2;6.005E-2;-1.085
7.764;4.494E-2;2.061E-2;-1.160
7.798;4.501E-2;-1.696E-2;-1.140
7.831;4.381E-2;-5.530E-2;-1.087
7.864;4.132E-2;-9.013E-2;-0.837
7.898;3.780E-2;-0.112;-0.331
7.931;3.387E-2;-0.113;0.221
7.964;3.030E-2;-9.613E-2;0.718
7.998;2.746E-2;-6.528E-2;1.188
8.031;2.595E-2;-1.687E-2;1.517
8.064;2.634E-2;3.747E-2;1.432
8.098;2.845E-2;7.956E-2;1.006
8.131;3.164E-2;0.104;0.503
8.164;3.540E-2;0.113;6.994E-3
8.198;3.918E-2;0.105;-0.527
8.231;4.239E-2;7.804E-2;-0.961
8.264;4.438E-2;3.978E-2;-1.123
8.298;4.504E-2;2.489E-3;-1.147
8.331;4.455E-2;-3.571E-2;-1.142
8.364;4.266E-2;-7.458E-2;-1.000
8.398;3.958E-2;-0.103;-0.575
8.431;3.579E-2;-0.113;-4.435E-2
8.464;3.202E-2;-0.106;0.471
8.498;2.876E-2;-8.203E-2;0.944
8.531;2.655E-2;-4.262E-2;1.382
8.564;2.592E-2;1.041E-2;1.509
8.598;2.725E-2;6.007E-2;1.238
8.631;2.992E-2;9.275E-2;0.766
8.664;3.343E-2;0.111;0.280
8.698;3.732E-2;0.112;-0.257
8.731;4.089E-2;9.358E-2;-0.780
8.764;4.356E-2;5.969E-2;-1.074
8.797;4.487E-2;2.079E-2;-1.152
8.831;4.494E-2;-1.682E-2;-1.142
8.864;4.375E-2;-5.531E-2;-1.070
8.897;4.126E-2;-8.898E-2;-0.809
8.931;3.782E-2;-0.110;-0.343
8.964;3.395E-2;-0.112;0.196
8.997;3.034E-2;-9.627E-2;0.703
9.031;2.753E-2;-6.505E-2;1.186
9.064;2.600E-2;-1.759E-2;1.499
9.097;2.636E-2;3.661E-2;1.435
9.131;2.844E-2;7.891E-2;1.006
9.164;3.162E-2;0.104;0.508
9.197;3.534E-2;0.113;6.287E-3
9.231;3.912E-2;0.104;-0.518
9.264;4.230E-2;7.776E-2;-0.955
9.297;4.431E-2;3.993E-2;-1.120
9.331;4.496E-2;2.279E-3;-1.130
9.364;4.446E-2;-3.465E-2;-1.130
9.397;4.265E-2;-7.342E-2;-0.992
9.431;3.956E-2;-0.102;-0.579
9.464;3.584E-2;-0.112;-5.746E-2
9.497;3.210E-2;-0.106;0.455
9.531;2.881E-2;-8.204E-2;0.944
9.564;2.664E-2;-4.209E-2;1.372
9.597;2.600E-2;9.493E-3;1.490
9.631;2.727E-2;5.906E-2;1.238
9.664;2.994E-2;9.222E-2;0.765
9.697;3.342E-2;0.110;0.264
9.731;3.725E-2;0.110;-0.258
9.764;4.077E-2;9.230E-2;-0.761
9.797;4.341E-2;5.938E-2;-1.051
9.831;4.473E-2;2.111E-2;-1.123
9.864;4.481E-2;-1.537E-2;-1.130
9.897;4.370E-2;-5.379E-2;-1.080
9.931;4.123E-2;-8.857E-2;-0.822
9.964;3.780E-2;-0.109;-0.327
9.997;3.397E-2;-0.111;0.203
10.030;3.043E-2;-9.493E-2;0.694
10.064;2.764E-2;-6.445E-2;1.164
10.097;2.613E-2;-1.753E-2;1.466
10.130;2.647E-2;3.498E-2;1.410
10.164;2.846E-2;7.702E-2;1.004
10.197;3.161E-2;0.102;0.519
10.230;3.528E-2;0.111;1.832E-2
10.264;3.902E-2;0.104;-0.504
10.297;4.220E-2;7.759E-2;-0.942
10.330;4.419E-2;4.004E-2;-1.115
10.364;4.487E-2;2.686E-3;-1.124
10.397;4.437E-2;-3.430E-2;-1.114
10.430;4.258E-2;-7.200E-2;-0.965
10.464;3.957E-2;-9.970E-2;-0.570
10.497;3.594E-2;-0.110;-7.514E-2
10.530;3.224E-2;-0.105;0.427
10.564;2.897E-2;-8.188E-2;0.923
10.597;2.679E-2;-4.247E-2;1.364
10.630;2.614E-2;9.195E-3;1.481
10.664;2.740E-2;5.821E-2;1.219
10.697;3.002E-2;9.048E-2;0.750
10.730;3.343E-2;0.108;0.273
10.764;3.721E-2;0.109;-0.237
10.797;4.070E-2;9.192E-2;-0.741
10.830;4.334E-2;5.943E-2;-1.047
10.864;4.467E-2;2.113E-2;-1.128
10.897;4.474E-2;-1.577E-2;-1.112
10.930;4.362E-2;-5.278E-2;-1.064
10.964;4.123E-2;-8.728E-2;-0.807
10.997;3.780E-2;-0.108;-0.327
11.030;3.405E-2;-0.109;0.197
11.064;3.055E-2;-9.427E-2;0.662
11.097;2.777E-2;-6.471E-2;1.151
11.130;2.624E-2;-1.776E-2;1.471
11.163;2.659E-2;3.514E-2;1.400
11.197;2.858E-2;7.626E-2;0.997
11.230;3.167E-2;0.101;0.510
11.263;3.534E-2;0.110;1.543E-2
11.297;3.903E-2;0.102;-0.503
11.330;4.217E-2;7.703E-2;-0.927
11.363;4.416E-2;3.970E-2;-1.093
11.397;4.482E-2;3.250E-3;-1.120
11.430;4.438E-2;-3.383E-2;-1.113
11.463;4.256E-2;-7.201E-2;-0.969
11.497;3.958E-2;-9.912E-2;-0.565
11.530;3.595E-2;-0.110;-7.353E-2
11.563;3.226E-2;-0.104;0.428
11.597;2.903E-2;-8.133E-2;0.919
11.630;2.684E-2;-4.249E-2;1.353
11.663;2.619E-2;9.090E-3;1.463
11.697;2.745E-2;5.707E-2;1.209
11.730;3.000E-2;8.936E-2;0.760
11.763;3.340E-2;0.108;0.281
11.797;3.718E-2;0.109;-0.246
11.830;4.064E-2;9.097E-2;-0.745
11.863;4.324E-2;5.870E-2;-1.032
11.897;4.455E-2;2.105E-2;-1.105
11.930;4.465E-2;-1.482E-2;-1.106
11.963;4.356E-2;-5.233E-2;-1.068
11.997;4.116E-2;-8.701E-2;-0.807
12.030;3.776E-2;-0.107;-0.323
12.063;3.404E-2;-0.108;0.198
12.097;3.054E-2;-9.355E-2;0.678
12.130;2.780E-2;-6.314E-2;1.136
12.163;2.633E-2;-1.774E-2;1.432
12.197;2.662E-2;3.352E-2;1.368
12.230;2.857E-2;7.453E-2;0.989
12.263;3.159E-2;9.923E-2;0.526
12.296;3.518E-2;0.110;3.038E-2
12.330;3.889E-2;0.102;-0.482
12.363;4.197E-2;7.670E-2;-0.912
12.396;4.400E-2;4.075E-2;-1.087
12.430;4.468E-2;3.218E-3;-1.125
12.463;4.421E-2;-3.353E-2;-1.095
12.496;4.245E-2;-7.033E-2;-0.955
12.530;3.953E-2;-9.791E-2;-0.568
12.563;3.592E-2;-0.109;-8.657E-2
12.596;3.229E-2;-0.103;0.424
12.630;2.905E-2;-8.093E-2;0.911
12.663;2.690E-2;-4.182E-2;1.336
12.696;2.626E-2;8.337E-3;1.443
12.730;2.745E-2;5.606E-2;1.209
12.763;2.999E-2;8.894E-2;0.764
12.796;3.338E-2;0.107;0.274
12.830;3.712E-2;0.108;-0.241
12.863;4.055E-2;9.058E-2;-0.734
12.896;4.316E-2;5.860E-2;-1.020
12.930;4.446E-2;2.133E-2;-1.106
12.963;4.458E-2;-1.475E-2;-1.102
12.996;4.348E-2;-5.211E-2;-1.041
13.030;4.111E-2;-8.496E-2;-0.794
13.063;3.781E-2;-0.105;-0.343
13.096;3.408E-2;-0.108;0.187
13.130;3.060E-2;-9.262E-2;0.677
13.163;2.791E-2;-6.277E-2;1.133
13.196;2.641E-2;-1.762E-2;1.418
13.230;2.674E-2;3.356E-2;1.369
13.263;2.865E-2;7.421E-2;0.988
13.296;3.168E-2;9.954E-2;0.511
13.330;3.529E-2;0.108;1.522E-2
13.363;3.890E-2;0.100;-0.482
13.396;4.198E-2;7.622E-2;-0.900
13.430;4.398E-2;3.984E-2;-1.072
13.463;4.464E-2;3.691E-3;-1.105
13.496;4.423E-2;-3.262E-2;-1.100
13.529;4.247E-2;-7.059E-2;-0.955
13.563;3.952E-2;-9.717E-2;-0.556
13.596;3.599E-2;-0.107;-7.148E-2
13.629;3.236E-2;-0.102;0.417
13.663;2.919E-2;-7.968E-2;0.899
13.696;2.705E-2;-4.179E-2;1.318
13.729;2.640E-2;8.346E-3;1.434
13.763;2.761E-2;5.578E-2;1.192
13.796;3.012E-2;8.766E-2;0.749
13.829;3.345E-2;0.106;0.278
13.863;3.716E-2;0.107;-0.228
13.896;4.056E-2;9.008E-2;-0.723
13.929;4.316E-2;5.846E-2;-1.015
13.963;4.446E-2;2.116E-2;-1.098
13.996;4.457E-2;-1.451E-2;-1.102
14.029;4.349E-2;-5.201E-2;-1.039
14.063;4.110E-2;-8.495E-2;-0.785
14.096;3.783E-2;-0.104;-0.318
14.129;3.414E-2;-0.107;0.179
14.163;3.073E-2;-9.199E-2;0.654
14.196;2.801E-2;-6.320E-2;1.107
14.229;2.651E-2;-1.832E-2;1.404
14.263;2.679E-2;3.201E-2;1.359
14.296;2.865E-2;7.278E-2;0.983
14.329;3.164E-2;9.784E-2;0.510
14.363;3.517E-2;0.107;3.416E-2
14.396;3.874E-2;0.100;-0.450
14.429;4.185E-2;7.675E-2;-0.884
14.463;4.386E-2;4.043E-2;-1.090
14.496;4.454E-2;3.171E-3;-1.109
14.529;4.407E-2;-3.288E-2;-1.090
14.563;4.235E-2;-6.976E-2;-0.938
14.596;3.942E-2;-9.664E-2;-0.561
14.629;3.591E-2;-0.107;-6.509E-2
14.662;3.230E-2;-0.101;0.420
14.696;2.916E-2;-7.880E-2;0.900
14.729;2.704E-2;-4.108E-2;1.290
14.762;2.643E-2;7.713E-3;1.405
14.796;2.756E-2;5.397E-2;1.179
14.829;3.002E-2;8.645E-2;0.752
14.862;3.332E-2;0.104;0.280
14.896;3.696E-2;0.105;-0.219
14.929;4.034E-2;8.938E-2;-0.682
14.962;4.292E-2;5.952E-2;-0.999
14.996;4.431E-2;2.222E-2;-1.111
15.029;4.440E-2;-1.506E-2;-1.107
15.062;4.331E-2;-5.124E-2;-1.024
15.096;4.098E-2;-8.400E-2;-0.786
15.129;3.771E-2;-0.104;-0.322
15.162;3.404E-2;-0.106;0.192
15.196;3.066E-2;-9.084E-2;0.661
15.229;2.798E-2;-6.189E-2;1.108
15.262;2.653E-2;-1.700E-2;1.386
15.296;2.685E-2;3.217E-2;1.319
15.329;2.868E-2;7.132E-2;0.961
15.362;3.160E-2;9.642E-2;0.524
15.396;3.511E-2;0.106;5.645E-2
15.429;3.868E-2;0.100;-0.452
15.462;4.179E-2;7.636E-2;-0.885
15.496;4.377E-2;4.027E-2;-1.074
15.529;4.447E-2;4.124E-3;-1.098
15.562;4.405E-2;-3.221E-2;-1.089
15.596;4.233E-2;-6.909E-2;-0.939
15.629;3.944E-2;-9.571E-2;-0.562
15.662;3.595E-2;-0.106;-6.202E-2
15.696;3.235E-2;-0.100;0.426
15.729;2.928E-2;-7.763E-2;0.881
15.762;2.718E-2;-4.140E-2;1.269
15.795;2.652E-2;7.154E-3;1.396
15.829;2.765E-2;5.346E-2;1.166
15.862;3.008E-2;8.479E-2;0.743
15.895;3.330E-2;0.103;0.298
15.929;3.693E-2;0.105;-0.211
15.962;4.031E-2;8.866E-2;-0.685
15.995;4.284E-2;5.875E-2;-0.991
16.029;4.423E-2;2.235E-2;-1.089
16.062;4.433E-2;-1.442E-2;-1.107
16.095;4.327E-2;-5.091E-2;-1.018
16.129;4.093E-2;-8.331E-2;-0.775
16.162;3.771E-2;-0.103;-0.322
16.195;3.409E-2;-0.105;0.183
16.229;3.071E-2;-9.019E-2;0.655
16.262;2.807E-2;-6.132E-2;1.092
16.295;2.662E-2;-1.766E-2;1.369
16.329;2.690E-2;3.151E-2;1.309
16.362;2.872E-2;7.028E-2;0.960
16.395;3.158E-2;9.530E-2;0.531
16.429;3.507E-2;0.106;6.635E-2
16.462;3.865E-2;9.979E-2;-0.458
16.495;4.172E-2;7.553E-2;-0.883
16.529;4.368E-2;3.985E-2;-1.070
16.562;4.438E-2;3.679E-3;-1.086
16.595;4.393E-2;-3.213E-2;-1.072
16.629;4.224E-2;-6.810E-2;-0.921
16.662;3.939E-2;-9.458E-2;-0.557
16.695;3.594E-2;-0.105;-7.102E-2
16.729;3.238E-2;-9.945E-2;0.419
16.762;2.931E-2;-7.710E-2;0.875
16.795;2.725E-2;-4.077E-2;1.264
16.829;2.659E-2;7.125E-3;1.374
16.862;2.772E-2;5.277E-2;1.155
16.895;3.011E-2;8.392E-2;0.739
16.929;3.331E-2;0.102;0.291
16.962;3.691E-2;0.104;-0.196
16.995;4.023E-2;8.859E-2;-0.668
17.028;4.281E-2;5.926E-2;-0.988
17.062;4.418E-2;2.189E-2;-1.104
17.095;4.427E-2;-1.472E-2;-1.094
17.128;4.320E-2;-5.062E-2;-1.004
17.162;4.090E-2;-8.252E-2;-0.762
17.195;3.770E-2;-0.102;-0.322
17.228;3.412E-2;-0.104;0.178
17.262;3.076E-2;-8.968E-2;0.645
17.295;2.814E-2;-6.099E-2;1.080
17.328;2.669E-2;-1.789E-2;1.350
17.362;2.695E-2;3.054E-2;1.293
17.395;2.873E-2;6.898E-2;0.953
17.428;3.155E-2;9.391E-2;0.533
17.462;3.499E-2;0.105;6.917E-2
17.495;3.853E-2;9.869E-2;-0.443
17.528;4.157E-2;7.512E-2;-0.860
17.562;4.353E-2;4.052E-2;-1.058
17.595;4.427E-2;4.135E-3;-1.092
17.628;4.381E-2;-3.207E-2;-1.070
17.662;4.213E-2;-6.745E-2;-0.917
17.695;3.932E-2;-9.401E-2;-0.551
17.728;3.586E-2;-0.104;-6.220E-2
17.762;3.236E-2;-9.802E-2;0.424
17.795;2.933E-2;-7.609E-2;0.864
17.828;2.729E-2;-4.022E-2;1.237
17.862;2.665E-2;6.566E-3;1.344
17.895;2.772E-2;5.100E-2;1.154
17.928;3.005E-2;8.322E-2;0.750
17.962;3.327E-2;0.102;0.298
17.995;3.681E-2;0.103;-0.199
18.028;4.013E-2;8.823E-2;-0.661
18.062;4.269E-2;5.875E-2;-0.979
18.095;4.405E-2;2.210E-2;-1.083
18.128;4.417E-2;-1.375E-2;-1.093
18.161;4.313E-2;-5.027E-2;-1.006
18.195;4.082E-2;-8.209E-2;-0.755
18.228;3.766E-2;-0.101;-0.306
18.261;3.411E-2;-0.103;0.174
18.295;3.080E-2;-8.864E-2;0.643
18.328;2.820E-2;-6.010E-2;1.061
18.361;2.680E-2;-1.787E-2;1.333
18.395;2.701E-2;2.984E-2;1.279
18.428;2.878E-2;6.836E-2;0.961
18.461;3.157E-2;9.351E-2;0.524
18.495;3.502E-2;0.104;6.175E-2
18.528;3.849E-2;9.731E-2;-0.438
18.561;4.150E-2;7.482E-2;-0.841
18.595;4.348E-2;4.049E-2;-1.042
18.628;4.420E-2;4.640E-3;-1.085
18.661;4.379E-2;-3.129E-2;-1.065
18.695;4.212E-2;-6.693E-2;-0.910
18.728;3.933E-2;-9.271E-2;-0.542
18.761;3.594E-2;-0.103;-7.882E-2
18.795;3.246E-2;-9.798E-2;0.405
18.828;2.941E-2;-7.626E-2;0.859
18.861;2.738E-2;-4.023E-2;1.243
18.895;2.673E-2;6.599E-3;1.341
18.928;2.781E-2;5.103E-2;1.134
18.961;3.013E-2;8.193E-2;0.730
18.995;3.328E-2;9.990E-2;0.300
19.028;3.678E-2;0.102;-0.183
19.061;4.009E-2;8.764E-2;-0.647
19.095;4.263E-2;5.874E-2;-0.976
19.128;4.400E-2;2.196E-2;-1.078
19.161;4.409E-2;-1.373E-2;-1.074
19.195;4.308E-2;-4.888E-2;-0.997
19.228;4.083E-2;-8.123E-2;-0.766
19.261;3.767E-2;-0.100;-0.310
19.294;3.414E-2;-0.102;0.183
19.328;3.087E-2;-8.780E-2;0.640
19.361;2.829E-2;-5.951E-2;1.059
19.394;2.690E-2;-1.712E-2;1.318
19.428;2.715E-2;2.960E-2;1.250
19.461;2.888E-2;6.692E-2;0.935
19.494;3.161E-2;9.171E-2;0.531
19.528;3.499E-2;0.103;7.449E-2
19.561;3.845E-2;9.670E-2;-0.431
19.594;4.143E-2;7.390E-2;-0.840
19.628;4.338E-2;3.998E-2;-1.042
19.661;4.410E-2;3.924E-3;-1.070
19.694;4.364E-2;-3.124E-2;-1.051
19.728;4.202E-2;-6.614E-2;-0.903
19.761;3.923E-2;-9.256E-2;-0.540
19.794;3.585E-2;-0.102;-5.106E-2
19.828;3.242E-2;-9.584E-2;0.412
19.861;2.946E-2;-7.473E-2;0.838
19.894;2.744E-2;-3.987E-2;1.201
19.928;2.680E-2;5.665E-3;1.315
19.961;2.782E-2;4.927E-2;1.129
19.994;3.008E-2;8.089E-2;0.743
20.028;3.321E-2;9.902E-2;0.307
20.061;3.669E-2;0.101;-0.177
20.094;3.997E-2;8.730E-2;-0.642
20.128;4.250E-2;5.836E-2;-0.964
20.161;4.386E-2;2.222E-2;-1.071
20.194;4.398E-2;-1.335E-2;-1.065
20.228;4.297E-2;-4.841E-2;-0.992
20.261;4.076E-2;-8.020E-2;-0.749
20.294;3.762E-2;-9.898E-2;-0.316
20.328;3.416E-2;-0.101;0.181
20.361;3.089E-2;-8.701E-2;0.627
20.394;2.836E-2;-5.889E-2;1.043
20.428;2.696E-2;-1.775E-2;1.297
20.461;2.718E-2;2.893E-2;1.249
20.494;2.889E-2;6.626E-2;0.934
20.527;3.159E-2;9.089E-2;0.521
20.561;3.495E-2;0.101;7.861E-2
20.594;3.836E-2;9.592E-2;-0.415
20.627;4.134E-2;7.403E-2;-0.821
20.661;4.329E-2;4.032E-2;-1.036
20.694;4.403E-2;4.498E-3;-1.077
20.727;4.359E-2;-3.125E-2;-1.043
20.761;4.194E-2;-6.544E-2;-0.885
20.794;3.923E-2;-9.085E-2;-0.538
20.827;3.589E-2;-0.102;-7.398E-2
20.861;3.246E-2;-9.578E-2;0.407
20.894;2.950E-2;-7.427E-2;0.837
20.927;2.751E-2;-3.970E-2;1.187
20.961;2.686E-2;4.959E-3;1.300
20.994;2.784E-2;4.843E-2;1.126
21.027;3.009E-2;8.006E-2;0.745
21.061;3.318E-2;9.829E-2;0.315
21.094;3.664E-2;0.101;-0.178
21.127;3.992E-2;8.660E-2;-0.645
21.161;4.241E-2;5.756E-2;-0.961
21.194;4.376E-2;2.205E-2;-1.063
21.227;4.388E-2;-1.364E-2;-1.068
21.261;4.285E-2;-4.888E-2;-0.970
21.294;4.062E-2;-7.924E-2;-0.729
21.327;3.757E-2;-9.757E-2;-0.308
21.361;3.412E-2;-0.100;0.174
21.394;3.089E-2;-8.572E-2;0.632
21.427;2.840E-2;-5.777E-2;1.036
21.461;2.704E-2;-1.687E-2;1.277
21.494;2.728E-2;2.868E-2;1.239
21.527;2.895E-2;6.615E-2;0.916
21.561;3.169E-2;9.005E-2;0.520
21.594;3.495E-2;0.100;7.619E-2
21.627;3.838E-2;9.570E-2;-0.412
21.660;4.133E-2;7.280E-2;-0.836
21.694;4.324E-2;3.909E-2;-1.015
21.727;4.394E-2;4.612E-3;-1.043
21.760;4.354E-2;-3.002E-2;-1.043
21.794;4.194E-2;-6.526E-2;-0.906
21.827;3.919E-2;-9.143E-2;-0.527
21.860;3.584E-2;-0.100;-5.473E-2
21.894;3.249E-2;-9.463E-2;0.410
21.927;2.954E-2;-7.363E-2;0.832
21.960;2.759E-2;-3.854E-2;1.190
21.994;2.697E-2;5.778E-3;1.286
22.027;2.797E-2;4.862E-2;1.099
22.060;3.021E-2;7.914E-2;0.724
22.094;3.325E-2;9.682E-2;0.299
22.127;3.667E-2;9.943E-2;-0.167
22.160;3.987E-2;8.559E-2;-0.632
22.194;4.237E-2;5.722E-2;-0.940
22.227;4.369E-2;2.195E-2;-1.052
22.260;4.383E-2;-1.298E-2;-1.059
22.294;4.282E-2;-4.847E-2;-0.979
22.327;4.060E-2;-7.920E-2;-0.733
22.360;3.754E-2;-9.748E-2;-0.285
22.394;3.410E-2;-9.868E-2;0.181
22.427;3.096E-2;-8.462E-2;0.621
22.460;2.846E-2;-5.773E-2;1.014
22.494;2.712E-2;-1.685E-2;1.268
22.527;2.734E-2;2.798E-2;1.228
22.560;2.898E-2;6.542E-2;0.923
22.594;3.170E-2;8.987E-2;0.514
22.627;3.497E-2;9.955E-2;6.248E-2
22.660;3.834E-2;9.423E-2;-0.408
22.694;4.125E-2;7.238E-2;-0.812
22.727;4.316E-2;3.932E-2;-1.014
22.760;4.387E-2;4.278E-3;-1.047
22.794;4.345E-2;-3.032E-2;-1.030
22.827;4.185E-2;-6.456E-2;-0.886
22.860;3.914E-2;-9.034E-2;-0.524
22.893;3.583E-2;-9.962E-2;-4.186E-2
22.927;3.250E-2;-9.292E-2;0.403
22.960;2.964E-2;-7.262E-2;0.809
22.993;2.766E-2;-3.906E-2;1.180
23.027;2.703E-2;6.338E-3;1.298
23.060;2.808E-2;4.925E-2;1.096
23.093;3.032E-2;7.914E-2;0.705
23.127;3.336E-2;9.643E-2;0.286
23.160;3.674E-2;9.839E-2;-0.184
23.193;3.992E-2;8.406E-2;-0.632
23.227;4.235E-2;5.595E-2;-0.927
23.260;4.365E-2;2.152E-2;-1.027
23.293;4.378E-2;-1.269E-2;-1.039
23.327;4.280E-2;-4.742E-2;-0.975
23.360;4.062E-2;-7.853E-2;-0.727
23.393;3.757E-2;-9.640E-2;-0.298
23.427;3.419E-2;-9.831E-2;0.181
23.460;3.101E-2;-8.442E-2;0.617
23.493;2.857E-2;-5.683E-2;1.025
23.527;2.723E-2;-1.638E-2;1.252
23.560;2.748E-2;2.814E-2;1.213
23.593;2.910E-2;6.469E-2;0.903
23.627;3.179E-2;8.875E-2;0.509
23.660;3.502E-2;9.847E-2;6.252E-2
23.693;3.835E-2;9.317E-2;-0.405
23.727;4.123E-2;7.140E-2;-0.797
23.760;4.311E-2;3.922E-2;-0.998
23.793;4.384E-2;4.562E-3;-1.044
23.827;4.341E-2;-3.035E-2;-1.025
23.860;4.182E-2;-6.399E-2;-0.871
23.893;3.915E-2;-8.922E-2;-0.522
23.927;3.587E-2;-9.900E-2;-5.786E-2
23.960;3.255E-2;-9.293E-2;0.410
23.993;2.968E-2;-7.169E-2;0.824
24.026;2.777E-2;-3.763E-2;1.158
24.060;2.717E-2;5.608E-3;1.255
24.093;2.814E-2;4.741E-2;1.090
24.126;3.033E-2;7.824E-2;0.722
24.160;3.336E-2;9.586E-2;0.285
24.193;3.672E-2;9.732E-2;-0.186
24.226;3.985E-2;8.328E-2;-0.622
24.260;4.227E-2;5.576E-2;-0.913
24.293;4.356E-2;2.157E-2;-1.032
24.326;4.371E-2;-1.304E-2;-1.035
24.360;4.269E-2;-4.746E-2;-0.958
24.393;4.054E-2;-7.741E-2;-0.713
24.426;3.753E-2;-9.552E-2;-0.300
24.460;3.418E-2;-9.753E-2;0.185
24.493;3.103E-2;-8.315E-2;0.619
24.526;2.864E-2;-5.587E-2;0.998
24.560;2.731E-2;-1.691E-2;1.230
24.593;2.751E-2;2.732E-2;1.206
24.626;2.913E-2;6.413E-2;0.904
24.660;3.178E-2;8.777E-2;0.507
24.693;3.498E-2;9.780E-2;6.019E-2
24.726;3.830E-2;9.218E-2;-0.408
24.760;4.113E-2;7.027E-2;-0.797
24.793;4.299E-2;3.846E-2;-0.975
24.826;4.369E-2;4.743E-3;-1.024
24.860;4.330E-2;-2.947E-2;-1.009
24.893;4.173E-2;-6.298E-2;-0.875
24.926;3.910E-2;-8.832E-2;-0.521
24.960;3.584E-2;-9.820E-2;-5.592E-2
24.993;3.256E-2;-9.170E-2;0.406
25.026;2.973E-2;-7.113E-2;0.801
25.060;2.782E-2;-3.806E-2;1.140
25.093;2.719E-2;4.954E-3;1.261
25.126;2.815E-2;4.734E-2;1.085
25.159;3.035E-2;7.754E-2;0.714
25.193;3.332E-2;9.479E-2;0.277
25.226;3.666E-2;9.658E-2;-0.182
25.259;3.975E-2;8.222E-2;-0.613
25.293;4.214E-2;5.560E-2;-0.894
25.326;4.346E-2;2.197E-2;-1.011
25.359;4.361E-2;-1.211E-2;-1.029
25.393;4.265E-2;-4.635E-2;-0.968
25.426;4.052E-2;-7.738E-2;-0.721
25.459;3.749E-2;-9.514E-2;-0.292
25.493;3.418E-2;-9.657E-2;0.186
25.526;3.106E-2;-8.283E-2;0.612
25.559;2.866E-2;-5.544E-2;0.990
25.593;2.736E-2;-1.680E-2;1.220
25.626;2.754E-2;2.676E-2;1.190
25.659;2.914E-2;6.335E-2;0.909
25.693;3.176E-2;8.731E-2;0.503
25.726;3.497E-2;9.710E-2;6.002E-2
25.759;3.823E-2;9.131E-2;-0.394
25.793;4.105E-2;7.077E-2;-0.778
25.826;4.295E-2;3.901E-2;-0.984
25.859;4.365E-2;4.436E-3;-1.039
25.893;4.324E-2;-2.991E-2;-1.008
25.926;4.166E-2;-6.320E-2;-0.851
25.959;3.903E-2;-8.731E-2;-0.505
25.993;3.584E-2;-9.695E-2;-5.908E-2
26.026;3.257E-2;-9.130E-2;0.390
26.059;2.975E-2;-7.084E-2;0.806
26.093;2.785E-2;-3.742E-2;1.145
26.126;2.726E-2;5.805E-3;1.251
26.159;2.823E-2;4.731E-2;1.066
26.193;3.041E-2;7.694E-2;0.701
26.226;3.336E-2;9.404E-2;0.276
26.259;3.668E-2;9.578E-2;-0.181
26.293;3.975E-2;8.162E-2;-0.615
26.326;4.212E-2;5.469E-2;-0.898
26.359;4.339E-2;2.101E-2;-1.000
26.392;4.352E-2;-1.226E-2;-1.012
26.426;4.258E-2;-4.603E-2;-0.946
26.459;4.045E-2;-7.628E-2;-0.717
26.492;3.749E-2;-9.412E-2;-0.288
26.526;3.418E-2;-9.575E-2;0.185
26.559;3.111E-2;-8.149E-2;0.607
26.592;2.875E-2;-5.505E-2;0.981
26.626;2.744E-2;-1.635E-2;1.210
26.659;2.766E-2;2.697E-2;1.178
26.692;2.924E-2;6.262E-2;0.892
26.726;3.183E-2;8.658E-2;0.498
26.759;3.501E-2;9.608E-2;5.425E-2
26.792;3.824E-2;9.012E-2;-0.405
26.826;4.101E-2;6.912E-2;-0.772
26.859;4.284E-2;3.794E-2;-0.962
26.892;4.354E-2;4.540E-3;-1.009
26.926;4.315E-2;-2.915E-2;-1.000
26.959;4.160E-2;-6.237E-2;-0.851
26.992;3.899E-2;-8.680E-2;-0.496
27.026;3.582E-2;-9.551E-2;-5.036E-2
27.059;3.262E-2;-8.988E-2;0.392
27.092;2.982E-2;-6.971E-2;0.783
27.126;2.798E-2;-3.708E-2;1.115
27.159;2.735E-2;4.487E-3;1.227
27.192;2.828E-2;4.606E-2;1.081
27.226;3.042E-2;7.673E-2;0.710
27.259;3.339E-2;9.362E-2;0.268
27.292;3.666E-2;9.469E-2;-0.181
27.326;3.970E-2;8.125E-2;-0.602
27.359;4.208E-2;5.464E-2;-0.886
27.392;4.334E-2;2.122E-2;-1.002
27.426;4.349E-2;-1.210E-2;-1.010
27.459;4.254E-2;-4.603E-2;
27.492;4.043E-2;;
