Tempo;U_t;V_t;A_t
0.000;1.995E-2;0;0
0.033;1.992E-2;-1.659E-3;0
0.067;1.984E-2;-1.282E-3;3.885E-2
0.100;1.984E-2;1.224E-3;4.205E-2
0.133;1.992E-2;1.806E-3;3.590E-2
0.167;1.996E-2;2.972E-3;0.320
0.200;2.012E-2;2.139E-2;0.817
0.233;2.138E-2;5.890E-2;1.036
0.267;2.405E-2;9.228E-2;0.760
0.300;2.753E-2;0.109;0.253
0.333;3.134E-2;0.109;-0.239
0.367;3.482E-2;9.306E-2;-0.722
0.400;3.754E-2;6.147E-2;-1.028
0.433;3.892E-2;2.308E-2;-1.109
0.467;3.908E-2;-1.235E-2;-1.084
0.500;3.810E-2;-4.871E-2;-1.021
0.533;3.583E-2;-8.151E-2;-0.777
0.567;3.266E-2;-0.101;-0.286
0.600;2.911E-2;-0.101;0.199
0.633;2.593E-2;-8.646E-2;0.623
0.667;2.335E-2;-6.016E-2;1.019
0.700;2.192E-2;-1.842E-2;1.290
0.733;2.212E-2;2.735E-2;1.205
0.767;2.374E-2;6.247E-2;0.850
0.800;2.629E-2;8.389E-2;0.460
0.833;2.933E-2;9.306E-2;6.338E-2
0.867;3.249E-2;8.842E-2;-0.378
0.900;3.523E-2;6.784E-2;-0.749
0.933;3.701E-2;3.762E-2;-0.919
0.967;3.773E-2;6.242E-3;-0.938
1.000;3.743E-2;-2.483E-2;-0.905
1.033;3.608E-2;-5.439E-2;-0.787
1.067;3.380E-2;-7.769E-2;-0.467
1.100;3.090E-2;-8.629E-2;-7.389E-2
1.133;2.805E-2;-8.161E-2;0.335
1.167;2.546E-2;-6.482E-2;0.685
1.200;2.373E-2;-3.518E-2;1.002
1.233;2.312E-2;2.004E-3;1.066
1.267;2.386E-2;3.721E-2;0.912
1.300;2.560E-2;6.257E-2;0.586
1.333;2.803E-2;7.668E-2;0.237
1.367;3.071E-2;7.816E-2;-0.130
1.400;3.324E-2;6.807E-2;-0.488
1.433;3.525E-2;4.565E-2;-0.712
1.467;3.629E-2;1.934E-2;-0.795
1.500;3.653E-2;-6.646E-3;-0.769
1.533;3.584E-2;-3.255E-2;-0.732
1.567;3.437E-2;-5.522E-2;-0.558
1.600;3.216E-2;-7.052E-2;-0.252
1.633;2.966E-2;-7.211E-2;9.493E-2
1.667;2.736E-2;-6.355E-2;0.423
1.700;2.543E-2;-4.460E-2;0.708
1.733;2.438E-2;-1.561E-2;0.894
1.767;2.439E-2;1.543E-2;0.853
1.800;2.541E-2;4.179E-2;0.656
1.833;2.717E-2;5.923E-2;0.375
1.867;2.936E-2;6.684E-2;5.896E-2
1.900;3.163E-2;6.328E-2;-0.256
1.933;3.358E-2;4.950E-2;-0.513
1.967;3.493E-2;2.885E-2;-0.634
2.000;3.550E-2;6.695E-3;-0.675
2.033;3.537E-2;-1.575E-2;-0.646
2.067;3.445E-2;-3.693E-2;-0.564
2.100;3.291E-2;-5.326E-2;-0.349
2.133;3.090E-2;-6.082E-2;-9.574E-2
2.167;2.886E-2;-5.908E-2;0.208
2.200;2.696E-2;-4.759E-2;0.475
2.233;2.569E-2;-2.672E-2;0.692
2.267;2.518E-2;-1.459E-3;0.753
2.300;2.559E-2;2.404E-2;0.671
2.333;2.678E-2;4.357E-2;0.452
2.367;2.849E-2;5.426E-2;0.182
2.400;3.040E-2;5.565E-2;-7.773E-2
2.433;3.220E-2;4.894E-2;-0.324
2.467;3.366E-2;3.417E-2;-0.487
2.500;3.448E-2;1.572E-2;-0.567
2.533;3.471E-2;-3.318E-3;-0.561
2.567;3.426E-2;-2.211E-2;-0.525
2.600;3.324E-2;-3.819E-2;-0.404
2.633;3.171E-2;-4.940E-2;-0.200
2.667;2.994E-2;-5.168E-2;4.681E-2
2.700;2.827E-2;-4.596E-2;0.286
2.733;2.688E-2;-3.284E-2;0.492
2.767;2.608E-2;-1.288E-2;0.624
2.800;2.602E-2;9.120E-3;0.616
2.833;2.669E-2;2.850E-2;0.485
2.867;2.792E-2;4.168E-2;0.285
2.900;2.947E-2;4.744E-2;5.000E-2
2.933;3.108E-2;4.514E-2;-0.160
2.967;3.248E-2;3.641E-2;-0.353
3.000;3.351E-2;2.185E-2;-0.446
3.033;3.393E-2;5.766E-3;-0.485
3.067;3.390E-2;-9.836E-3;-0.458
3.100;3.328E-2;-2.532E-2;-0.407
3.133;3.221E-2;-3.694E-2;-0.255
3.167;3.081E-2;-4.260E-2;-8.426E-2
3.200;2.937E-2;-4.225E-2;0.128
3.233;2.800E-2;-3.457E-2;0.329
3.267;2.706E-2;-1.980E-2;0.480
3.300;2.668E-2;-2.485E-3;0.523
3.333;2.690E-2;1.524E-2;0.478
3.367;2.769E-2;2.968E-2;0.335
3.400;2.888E-2;3.770E-2;0.155
3.433;3.021E-2;3.983E-2;-2.834E-2
3.467;3.153E-2;3.602E-2;-0.207
3.500;3.261E-2;2.586E-2;-0.350
3.533;3.326E-2;1.240E-2;-0.412
3.567;3.343E-2;-1.716E-3;-0.417
3.600;3.314E-2;-1.543E-2;-0.373
3.633;3.241E-2;-2.679E-2;-0.285
3.667;3.136E-2;-3.439E-2;-0.148
3.700;3.011E-2;-3.684E-2;1.755E-2
3.733;2.890E-2;-3.314E-2;0.201
3.767;2.790E-2;-2.350E-2;0.346
3.800;2.733E-2;-9.773E-3;0.430
3.833;2.725E-2;5.252E-3;0.430
3.867;2.768E-2;1.912E-2;0.347
3.900;2.853E-2;2.859E-2;0.210
3.933;2.959E-2;3.302E-2;4.775E-2
3.967;3.073E-2;3.195E-2;-8.754E-2
4.000;3.172E-2;2.681E-2;-0.220
4.033;3.251E-2;1.765E-2;-0.307
4.067;3.290E-2;5.771E-3;-0.370
4.100;3.290E-2;-6.759E-3;-0.349
4.133;3.245E-2;-1.804E-2;-0.297
4.167;3.170E-2;-2.628E-2;-0.180
4.200;3.069E-2;-3.046E-2;-6.452E-2
4.233;2.967E-2;-3.022E-2;9.724E-2
4.267;2.868E-2;-2.450E-2;0.222
4.300;2.803E-2;-1.474E-2;0.327
4.333;2.770E-2;-3.124E-3;0.359
4.366;2.783E-2;9.670E-3;0.348
4.400;2.834E-2;2.006E-2;0.258
4.433;2.916E-2;2.698E-2;0.126
4.466;3.014E-2;2.858E-2;-1.684E-2
4.500;3.107E-2;2.562E-2;-0.140
4.533;3.185E-2;1.931E-2;-0.238
4.566;3.235E-2;9.666E-3;-0.297
4.600;3.249E-2;-7.820E-4;-0.316
4.633;3.230E-2;-1.121E-2;-0.275
4.666;3.175E-2;-1.956E-2;-0.182
4.700;3.100E-2;-2.324E-2;-9.245E-2
4.733;3.020E-2;-2.538E-2;7.972E-4
4.766;2.931E-2;-2.384E-2;0.124
4.800;2.861E-2;-1.674E-2;0.243
4.833;2.819E-2;-7.550E-3;0.292
4.866;2.810E-2;2.768E-3;0.303
4.900;2.838E-2;1.284E-2;0.257
4.933;2.896E-2;2.011E-2;0.161
4.966;2.972E-2;2.356E-2;3.418E-2
5.000;3.053E-2;2.252E-2;-6.631E-2
5.033;3.122E-2;1.875E-2;-0.151
5.066;3.178E-2;1.279E-2;-0.211
5.100;3.207E-2;4.386E-3;-0.261
5.133;3.207E-2;-4.580E-3;-0.247
5.166;3.177E-2;-1.233E-2;-0.206
5.200;3.125E-2;-1.817E-2;-0.131
5.233;3.055E-2;-2.131E-2;-4.672E-2
5.266;2.983E-2;-2.110E-2;5.886E-2
5.300;2.915E-2;-1.756E-2;0.153
5.333;2.866E-2;-1.074E-2;0.233
5.366;2.843E-2;-2.044E-3;0.255
5.400;2.852E-2;6.534E-3;0.232
5.433;2.887E-2;1.339E-2;0.174
5.466;2.942E-2;1.821E-2;9.037E-2
5.500;3.008E-2;1.954E-2;-3.013E-3
5.533;3.072E-2;1.782E-2;-8.798E-2
5.566;3.127E-2;1.376E-2;-0.157
5.600;3.164E-2;7.274E-3;-0.199
5.633;3.175E-2;2.996E-4;-0.221
5.666;3.166E-2;-7.222E-3;-0.198
5.700;3.127E-2;-1.341E-2;-0.148
5.733;3.076E-2;-1.683E-2;-6.891E-2
5.766;3.015E-2;-1.818E-2;-4.359E-4
5.800;2.955E-2;-1.678E-2;8.237E-2
5.833;2.903E-2;-1.275E-2;0.165
5.866;2.870E-2;-5.786E-3;0.214
5.900;2.865E-2;1.804E-3;0.213
5.933;2.882E-2;8.319E-3;0.167
5.966;2.920E-2;1.307E-2;0.122
6.000;2.969E-2;1.628E-2;4.876E-2
6.033;3.029E-2;1.670E-2;-3.840E-2
6.066;3.080E-2;1.347E-2;-0.111
6.100;3.118E-2;9.175E-3;-0.146
6.133;3.142E-2;3.845E-3;-0.170
6.166;3.144E-2;-2.296E-3;-0.185
6.200;3.126E-2;-8.445E-3;-0.155
6.233;3.088E-2;-1.288E-2;-9.987E-2
6.266;3.040E-2;-1.493E-2;-3.674E-2
6.300;2.988E-2;-1.539E-2;3.209E-2
6.333;2.938E-2;-1.292E-2;0.110
6.366;2.902E-2;-7.859E-3;0.164
6.400;2.885E-2;-1.916E-3;0.177
6.433;2.889E-2;4.021E-3;0.170
6.466;2.912E-2;9.398E-3;0.134
6.500;2.952E-2;1.312E-2;7.690E-2
6.533;3.000E-2;1.448E-2;1.275E-3
6.566;3.048E-2;1.328E-2;-5.549E-2
6.600;3.088E-2;1.056E-2;-0.112
6.633;3.119E-2;6.072E-3;-0.145
6.666;3.129E-2;5.389E-4;-0.153
6.700;3.122E-2;-4.046E-3;-0.132
6.733;3.102E-2;-8.278E-3;-0.115
6.766;3.067E-2;-1.175E-2;-6.765E-2
6.800;3.023E-2;-1.294E-2;-9.383E-3
6.833;2.981E-2;-1.218E-2;5.476E-2
6.866;2.942E-2;-9.489E-3;0.105
6.900;2.918E-2;-4.957E-3;0.147
6.933;2.909E-2;2.535E-4;0.157
6.966;2.919E-2;5.638E-3;0.137
7.000;2.947E-2;9.514E-3;8.522E-2
7.033;2.983E-2;1.128E-2;3.081E-2
7.066;3.022E-2;1.152E-2;-2.135E-2
7.100;3.060E-2;9.943E-3;-6.922E-2
7.133;3.088E-2;6.787E-3;-0.103
7.166;3.105E-2;3.041E-3;-0.116
7.200;3.108E-2;-9.469E-4;-0.124
7.233;3.099E-2;-5.206E-3;-0.117
7.266;3.074E-2;-8.900E-3;-8.137E-2
7.300;3.039E-2;-1.067E-2;-3.016E-2
7.333;3.003E-2;-1.083E-2;2.104E-2
7.366;2.967E-2;-9.355E-3;6.968E-2
7.400;2.940E-2;-6.115E-3;0.102
7.433;2.926E-2;-2.422E-3;0.118
7.466;2.924E-2;1.616E-3;0.126
7.500;2.937E-2;6.089E-3;0.115
7.533;2.965E-2;9.433E-3;6.838E-2
7.566;3.000E-2;1.066E-2;7.497E-3
7.600;3.036E-2;9.903E-3;-4.590E-2
7.633;3.066E-2;7.571E-3;-8.335E-2
7.666;3.086E-2;4.285E-3;-9.941E-2
7.700;3.095E-2;8.861E-4;-0.105
7.733;3.092E-2;-2.662E-3;-0.103
7.766;3.077E-2;-6.072E-3;-7.654E-2
7.800;3.052E-2;-7.869E-3;-4.412E-2
7.833;3.024E-2;-8.801E-3;-9.939E-3
7.866;2.993E-2;-8.757E-3;3.330E-2
7.900;2.966E-2;-6.528E-3;6.881E-2
7.933;2.949E-2;-3.963E-3;9.154E-2
7.966;2.940E-2;-6.873E-4;0.112
8.000;2.945E-2;3.698E-3;0.106
8.033;2.964E-2;6.547E-3;6.578E-2
8.066;2.989E-2;7.898E-3;2.333E-2
8.100;3.017E-2;8.217E-3;-6.600E-3
8.133;3.043E-2;7.373E-3;-4.677E-2
8.166;3.066E-2;5.223E-3;-6.413E-2
8.200;3.078E-2;2.826E-3;-8.748E-2
8.233;3.085E-2;-2.745E-4;-9.551E-2
8.266;3.076E-2;-3.900E-3;-8.520E-2
8.300;3.059E-2;-5.901E-3;-4.472E-2
8.333;3.037E-2;-6.852E-3;-2.127E-2
8.366;3.013E-2;-7.273E-3;6.866E-3
8.400;2.988E-2;-6.530E-3;3.427E-2
8.433;2.970E-2;-4.824E-3;6.617E-2
8.466;2.956E-2;-2.269E-3;8.394E-2
8.500;2.955E-2;9.469E-4;9.601E-2
8.533;2.963E-2;4.063E-3;7.434E-2
8.566;2.982E-2;6.108E-3;3.810E-2
8.600;3.003E-2;6.483E-3;1.246E-2
8.633;3.025E-2;6.825E-3;-8.975E-3
8.666;3.049E-2;6.140E-3;-4.806E-2
8.700;3.066E-2;3.499E-3;-7.515E-2
8.733;3.072E-2;9.598E-4;-6.827E-2
8.766;3.072E-2;-9.560E-4;-6.618E-2
8.800;3.066E-2;-3.385E-3;-6.855E-2
8.833;3.050E-2;-5.684E-3;-4.985E-2
8.866;3.028E-2;-6.711E-3;-4.934E-3
8.900;3.005E-2;-6.065E-3;2.428E-2
8.933;2.987E-2;-4.879E-3;4.281E-2
8.966;2.972E-2;-3.393E-3;6.605E-2
9.000;2.965E-2;-4.590E-4;7.571E-2
9.033;2.969E-2;1.923E-3;5.615E-2
9.066;2.978E-2;3.107E-3;4.559E-2
9.100;2.990E-2;4.883E-3;4.198E-2
9.133;3.010E-2;6.142E-3;1.224E-2
9.166;3.031E-2;5.639E-3;-2.825E-2
9.200;3.048E-2;4.200E-3;-5.009E-2
9.233;3.059E-2;2.293E-3;-6.918E-2
9.266;3.063E-2;-3.633E-4;-6.225E-2
9.300;3.057E-2;-2.137E-3;-4.808E-2
9.333;3.049E-2;-3.254E-3;-3.347E-2
9.366;3.035E-2;-4.561E-3;-2.627E-2
9.400;3.018E-2;-4.968E-3;-4.731E-3
9.433;3.002E-2;-4.859E-3;1.672E-2
9.466;2.986E-2;-3.917E-3;3.969E-2
9.500;2.976E-2;-2.148E-3;5.755E-2
9.533;2.972E-2;-7.075E-5;6.359E-2
9.566;2.975E-2;2.110E-3;6.247E-2
9.600;2.986E-2;4.113E-3;3.557E-2
9.633;3.003E-2;4.644E-3;1.545E-2
9.666;3.017E-2;4.818E-3;-6.590E-3
9.700;3.035E-2;4.543E-3;-2.028E-2
9.733;3.047E-2;3.214E-3;-5.156E-2
9.766;3.056E-2;1.293E-3;-5.391E-2
9.800;3.056E-2;-6.480E-4;-5.976E-2
9.833;3.052E-2;-2.445E-3;-4.442E-2
9.866;3.039E-2;-3.885E-3;-3.510E-2
9.900;3.026E-2;-4.566E-3;-3.953E-3
9.933;3.009E-2;-4.382E-3;1.652E-2
9.966;2.997E-2;-3.243E-3;3.149E-2
10.000;2.987E-2;-2.335E-3;4.091E-2
10.033;2.981E-2;-6.139E-4;4.773E-2
10.066;2.983E-2;1.066E-3;5.287E-2
10.100;2.988E-2;2.692E-3;3.828E-2
10.133;3.001E-2;3.889E-3;2.160E-2
10.166;3.014E-2;3.961E-3;-3.649E-3
10.200;3.028E-2;3.705E-3;-1.427E-2
10.233;3.039E-2;2.972E-3;-1.880E-2
10.266;3.047E-2;2.398E-3;-3.685E-2
10.300;3.055E-2;7.467E-4;-5.630E-2
10.333;3.052E-2;-1.634E-3;-5.041E-2
10.366;3.044E-2;-2.635E-3;-3.109E-2
10.400;3.035E-2;-3.507E-3;-2.195E-2
10.433;3.021E-2;-4.293E-3;4.312E-4
10.466;3.006E-2;-3.497E-3;2.189E-2
10.500;2.997E-2;-2.602E-3;3.597E-2
10.533;2.989E-2;-1.366E-3;3.085E-2
10.566;2.988E-2;-2.183E-4;4.273E-2
10.600;2.987E-2;1.115E-3;3.890E-2
10.633;2.996E-2;2.728E-3;3.704E-2
10.666;3.006E-2;3.404E-3;7.339E-3
10.700;3.018E-2;3.365E-3;-1.287E-2
10.733;3.028E-2;2.425E-3;
10.766;3.034E-2;;
